Polynomial Fit - Degree 3
0.000000 12.298011
0.100000 12.420344
0.200000 12.070269
0.300000 10.815858
0.400000 11.269983
0.500000 10.478948
0.600000 9.632674
0.700000 8.757017
0.800000 9.380183
0.900000 8.286826
1.000000 8.027861
1.100000 7.025231
1.200000 6.077691
1.300000 6.629952
1.400000 6.026717
1.500000 6.344417
1.600000 5.697022
1.700000 5.474983
1.800000 4.062674
1.900000 3.667204
2.000000 3.238548
2.100000 4.129788
2.200000 5.401449
2.300000 4.133543
2.400000 3.280162
2.500000 4.376980
2.600000 3.419002
2.700000 3.558318
2.800000 5.262465
2.900000 4.892257
3.000000 6.189592
3.100000 7.604921
3.200000 7.888675
3.300000 9.224796
3.400000 8.860519
3.500000 11.521922
3.600000 13.859101
3.700000 14.507684
3.800000 15.027474
3.900000 17.767114
4.000000 19.700021
