Polynomial Fit - Degree 10
-0.500000 24.108395
-0.450000 23.266509
-0.400000 20.634170
-0.350000 18.955538
-0.300000 18.278841
-0.250000 16.696318
-0.200000 16.247700
-0.150000 14.992170
-0.100000 14.308158
-0.050000 13.951361
0.000000 13.953621
0.050000 12.742616
0.100000 13.054695
0.150000 9.997916
0.200000 10.657742
0.250000 10.725196
0.300000 9.592897
0.350000 8.928521
0.400000 9.921789
0.450000 9.608683
0.500000 9.092215
0.550000 8.894863
0.600000 7.755366
0.650000 7.781853
0.700000 7.842655
0.750000 7.250601
0.800000 7.818106
0.850000 9.153513
0.900000 7.162414
0.950000 8.095207
1.000000 7.275903
1.050000 9.624957
1.100000 9.190427
1.150000 11.926638
1.200000 14.320801
1.250000 19.605583
1.300000 25.894047
