Saturation Growth Rate Fit
0.250000 1.370006
0.500000 2.775082
0.750000 2.868447
1.000000 3.505477
1.250000 4.960256
1.500000 4.360529
1.750000 5.058813
2.000000 5.914479
2.250000 5.881356
2.500000 6.824916
2.750000 6.924828
3.000000 6.812452
3.250000 6.513806
3.500000 7.401992
3.750000 6.625763
4.000000 7.622237
4.250000 8.073392
4.500000 7.932608
4.750000 8.411867
5.000000 9.127546
5.250000 8.697260
5.500000 8.487889
5.750000 8.787088
6.000000 8.784171
6.250000 8.013158
6.500000 8.555839
6.750000 9.464803
7.000000 8.914378
7.250000 9.306756
7.500000 8.587659
7.750000 9.194820
8.000000 9.530915
8.250000 8.615017
8.500000 9.531594
8.750000 9.326119
9.000000 9.003917
9.250000 9.509130
9.500000 8.631680
9.750000 8.565641
10.000000 9.088958
